1759699359195 21.215033167041838 0
1759699359206 21.192948375537526 0
1759699360487 21.595966750367854 0
1759699364165 22.70982225026819 0
1759699364179 23.383605425199494 0
1759699364457 23.89544620849968 0
1759699364842 24.31159547628236 0
1759699364938 24.63164638025046 0
1759699365020 24.892370412113248 0
1759699387829 24.398605766694526 0
1759699388831 24.13856318944388 0
1759699393205 24.33182321881759 0
1759699393451 24.07339512829024 0
1759699393782 23.92601496441057 0
1759699393800 23.75683540011911 0
1759699394063 23.621507049610955 0
1759699395038 23.559160505044822 0
1759699396183 23.604385509375586 0
1759699405730 22.932952616357635 0
1759699406198 22.30711019593873 0
1759699406354 21.660974206419528 0
1759699417238 21.036985706537962 0
1759699417455 20.51142596564782 0
1759699421403 20.164108671912498 0
1759699430179 19.763043843358755 0
1759699431317 19.425262737190888 0
1759699433763 19.074950077182923 0
1759699440450 18.684251940497365 0
1759699443076 18.292207683930336 0
