1759699359198 1.0 0
1759699359210 2.0 0
1759699360490 3.0 0
1759699364169 4.0 0
1759699364182 5.0 0
1759699364460 6.0 0
1759699364845 7.0 0
1759699364942 8.0 0
1759699365024 9.0 0
1759699387833 10.0 0
1759699388835 11.0 0
1759699393209 12.0 0
1759699393456 13.0 0
1759699393787 14.0 0
1759699393805 15.0 0
1759699394068 16.0 0
1759699395043 17.0 0
1759699396187 18.0 0
1759699405735 19.0 0
1759699406203 20.0 0
1759699406359 21.0 0
1759699417243 22.0 0
1759699417460 23.0 0
1759699421409 24.0 0
1759699430186 25.0 0
1759699431322 26.0 0
1759699433768 27.0 0
1759699440456 28.0 0
1759699443084 29.0 0
