1759700300611 27.60413500003051 0
1759700300631 27.681847187515814 0
1759700301298 27.900767777658377 0
1759700304240 28.741723072744207 0
1759700305668 29.553183074994013 0
1759700306086 30.14366170131446 0
1759700306869 30.68250503554009 0
1759700307554 31.162604697732604 0
1759700307567 31.537917536877405 0
1759700340246 31.28750842489535 0
1759700340311 30.985687098360028 0
1759700340326 30.834159614498883 0
1759700345901 30.88174758961675 0
1759700347537 30.823763859998767 0
1759700347553 30.77232800539738 0
1759700347623 30.844763986809994 0
1759700348127 30.8745017915293 0
1759700348365 30.85998421516787 0
1759700361389 29.82722583321217 0
1759700361408 28.897474620706635 0
1759700365173 28.23365098795676 0
1759700376982 27.48616511536635 0
1759700377042 26.8062652553047 0
1759700382185 26.24564735404177 0
1759700393784 25.71074939319864 0
1759700395630 25.2887432450751 0
1759700396602 24.76406281318136 0
1759700406518 24.18257148653252 0
1759700408025 23.661900446758253 0
