1759700233548 1.0 0
1759700233553 1.0 0
1759700233569 1.0 0
1759700233575 1.0 0
1759700233597 1.0 0
1759700233612 1.0 0
1759700233622 1.0 0
1759700233633 1.0 0
1759700233702 1.0 0
1759700233709 1.0 0
1759700233745 1.0 0
1759700233791 1.0 0
1759700233798 1.0 0
1759700233807 1.0 0
1759700234025 1.0 0
1759700234033 1.0 0
1759700234041 1.0 0
1759700234048 1.0 0
1759700234054 1.0 0
1759700234062 1.0 0
1759700234069 1.0 0
1759700234176 1.0 0
1759700234183 1.0 0
1759700234447 1.0 0
1759700234454 1.0 0
1759700234462 1.0 0
1759700234469 1.0 0
1759700234476 1.0 0
1759700234488 1.0 0
1759700234495 1.0 0
1759700234502 1.0 0
1759700234509 1.0 0
1759700234519 1.0 0
1759700300622 1.0 0
1759700304251 1.0 0
1759700306098 1.0 0
1759700361424 1.0 0
1759700377057 1.0 0
1759700382201 1.0 0
