1759700300614 1.0 0
1759700300635 2.0 0
1759700301301 3.0 0
1759700304243 4.0 0
1759700305672 5.0 0
1759700306090 6.0 0
1759700306873 7.0 0
1759700307558 8.0 0
1759700307571 9.0 0
1759700340250 10.0 0
1759700340316 11.0 0
1759700340330 12.0 0
1759700345906 13.0 0
1759700347542 14.0 0
1759700347558 15.0 0
1759700347628 16.0 0
1759700348131 17.0 0
1759700348369 18.0 0
1759700361394 19.0 0
1759700361413 20.0 0
1759700365179 21.0 0
1759700376987 22.0 0
1759700377047 23.0 0
1759700382191 24.0 0
1759700393790 25.0 0
1759700395635 26.0 0
1759700396609 27.0 0
1759700406524 28.0 0
1759700408032 29.0 0
