1759700233545 1.0 0
1759700233551 2.0 0
1759700233566 3.0 0
1759700233572 4.0 0
1759700233594 5.0 0
1759700233609 6.0 0
1759700233619 7.0 0
1759700233630 8.0 0
1759700233700 9.0 0
1759700233706 10.0 0
1759700233743 11.0 0
1759700233788 12.0 0
1759700233796 13.0 0
1759700233805 14.0 0
1759700234022 15.0 0
1759700234030 16.0 0
1759700234038 17.0 0
1759700234045 18.0 0
1759700234051 19.0 0
1759700234059 20.0 0
1759700234066 21.0 0
1759700234173 22.0 0
1759700234180 23.0 0
1759700234443 24.0 0
1759700234451 25.0 0
1759700234459 26.0 0
1759700234466 27.0 0
1759700234474 28.0 0
1759700234485 29.0 0
1759700234492 30.0 0
1759700234499 31.0 0
1759700234507 32.0 0
1759700234516 33.0 0
1759700300618 34.0 0
1759700304247 35.0 0
1759700306094 36.0 0
1759700361418 37.0 0
1759700377052 38.0 0
1759700382196 39.0 0
