1759698822550 29.556070249993354 0
1759698822561 29.60121795849409 0
1759698822573 29.634151027654298 0
1759698822586 29.63129163524718 0
1759698822605 29.634049275005236 0
1759698822691 29.6560968333312 0
1759698822711 29.669900702279328 0
1759698823393 29.757675228989683 0
1759698823412 29.84173570354728 0
1759698823434 29.90322792069055 0
1759698862792 29.84014121198561 0
1759698863127 29.8158941353128 0
1759698863141 29.800417887745425 0
1759698863198 29.79714368740263 0
1759698863645 29.820031741571924 0
1759698863994 29.863770239477162 0
1759698864582 29.935011034215087 0
1759698864960 30.01745188881048 0
1759698865120 30.097312030609157 0
1759698865163 30.1717069623759 0
1759698877738 29.165567374882464 0
1759698879404 28.325590927931692 0
1759698881788 27.663046679236803 0
1759698890245 26.861818900933333 0
1759698900044 26.100309593258427 0
1759698909722 25.39329866659738 0
1759698919113 24.719864689762257 0
1759698927881 24.073428763342754 0
1759698939795 23.58019490943467 0
