1759698770283 1.0 0
1759698770288 1.0 0
1759698770310 1.0 0
1759698770319 1.0 0
1759698770374 1.0 0
1759698770399 1.0 0
1759698770406 1.0 0
1759698770413 1.0 0
1759698770448 1.0 0
1759698770489 1.0 0
1759698770496 1.0 0
1759698770540 1.0 0
1759698770548 1.0 0
1759698770555 1.0 0
1759698770570 1.0 0
1759698770576 1.0 0
1759698770583 1.0 0
1759698770592 1.0 0
1759698822597 1.0 0
1759698822702 1.0 0
1759698823424 1.0 0
1759698862804 1.0 0
1759698863155 1.0 0
1759698863213 1.0 0
1759698877752 1.0 0
1759698909741 1.0 0
1759698939816 1.0 0
