1759698770280 1.0 0
1759698770286 2.0 0
1759698770307 3.0 0
1759698770316 4.0 0
1759698770372 5.0 0
1759698770396 6.0 0
1759698770403 7.0 0
1759698770410 8.0 0
1759698770445 9.0 0
1759698770486 10.0 0
1759698770493 11.0 0
1759698770538 12.0 0
1759698770545 13.0 0
1759698770552 14.0 0
1759698770567 15.0 0
1759698770573 16.0 0
1759698770580 17.0 0
1759698770589 18.0 0
1759698822594 19.0 0
1759698822698 20.0 0
1759698823421 21.0 0
1759698862800 22.0 0
1759698863150 23.0 0
1759698863208 24.0 0
1759698877747 25.0 0
1759698909735 26.0 0
1759698939809 27.0 0
