1759698822553 1.0 0
1759698822564 2.0 0
1759698822577 3.0 0
1759698822590 4.0 0
1759698822608 5.0 0
1759698822695 6.0 0
1759698822714 7.0 0
1759698823396 8.0 0
1759698823416 9.0 0
1759698823439 10.0 0
1759698862796 11.0 0
1759698863131 12.0 0
1759698863146 13.0 0
1759698863203 14.0 0
1759698863650 15.0 0
1759698863998 16.0 0
1759698864586 17.0 0
1759698864964 18.0 0
1759698865125 19.0 0
1759698865168 20.0 0
1759698877742 21.0 0
1759698879409 22.0 0
1759698881796 23.0 0
1759698890252 24.0 0
1759698900050 25.0 0
1759698909729 26.0 0
1759698919120 27.0 0
1759698927888 28.0 0
1759698939802 29.0 0
