1759708462567 1.0 0
1759708483201 2.0 0
1759708492178 3.0 0
1759708499842 4.0 0
1759708540614 5.0 0
1759708541038 6.0 0
1759708548582 7.0 0
1759708585357 8.0 0
1759708602083 9.0 0
1759708604831 10.0 0
1759708664059 11.0 0
1759708687399 12.0 0
1759708754604 13.0 0
1759708766089 14.0 0
1759708849887 15.0 0
1759708935037 16.0 0
1759711963088 17.0 0
1759712851318 18.0 0
1759713340850 19.0 0
1759713640115 20.0 0
1759713981286 21.0 0
1759714323728 22.0 0
1759714541154 23.0 0
1759716815806 24.0 0
1759716938987 25.0 0
1759717108062 26.0 0
1759717474924 27.0 0
